         *         *     1.000     4.000     3.000    -0.324    -0.145     0.000  31
     2.000         *     3.000     0.000     3.000    -0.621     0.007    -0.098  32
         *         *     4.000     4.000     8.000     0.304     0.974     0.000  33
         *         *     3.000     2.000     5.000    -0.155     0.237     0.000  34
     3.000         *     3.000     3.000     6.000    -0.242     0.595    -0.138  35
         *         *     0.000     0.000     6.000    -0.909     0.767     0.000  36
     3.000         *     4.000     0.000     6.000    -0.286     0.576    -0.046  37
     0.000         *     3.000     3.000     3.000    -1.258     0.530    -0.851  38
     0.000         *     4.000     0.000     4.000    -1.352     0.793    -0.740  39
     0.000         *     3.000     2.000     2.000    -1.292     0.224    -0.808  40
         *         *     8.000     5.000     8.000     1.088     0.698     0.000  41
     7.000     7.000     6.000     2.000     7.000     0.754     0.330     0.474  42
     9.000     9.000     7.000     6.000     9.000     1.683     1.055     1.171  43
     6.000     6.000     4.000     4.000     9.000     0.526     1.467     0.232  44
     7.000         *     9.000     3.000     7.000     0.972     0.362    -0.032  45
     1.000     0.000     0.000     1.000     4.000    -0.730     0.264    -1.152  46
     3.000         *     5.000     2.000     4.000    -0.175     0.154    -0.278  47
     3.000     6.000     7.000     3.000     8.000    -0.368     1.509     0.575  48
     0.000     1.000     8.000     0.000     4.000    -1.365     0.850    -0.304  49
     1.000     0.000     1.000     0.000     1.000    -0.755    -0.584    -1.119  50
         *     2.000     6.000     0.000     3.000    -0.163    -0.176    -0.461  51
     1.000     1.000     2.000     0.000     5.000    -0.904     0.598    -0.448  52
     5.000     5.000     9.000     4.000     8.000     0.388     1.165    -0.077  53
     8.000     3.000     5.000     0.000     6.000     1.395    -0.455    -0.866  54
         *         *     2.000     0.000     0.000    -0.765    -1.165     0.000  55
     4.000         *     3.000     2.000     0.000    -0.073    -1.333     0.092  56
     5.000     9.000     4.000     0.000     3.000    -0.288    -0.157     1.792  57
     9.000         *     5.000     4.000     6.000     1.458    -0.397     0.758  58
     7.000     4.000     8.000     3.000     8.000     1.115     0.611    -0.609  59
     5.000     6.000     6.000     0.000     3.000     0.123    -0.349     0.428  60
     0.000     0.000     4.000     1.000     5.000    -1.177     0.921    -1.312  61
     2.000     0.000     1.000     2.000     9.000    -0.226     1.699    -1.384  62
     0.000     0.000     0.000     1.000     0.000    -1.688    -0.823    -0.986  63
     0.000     4.000     1.000     1.000     0.000    -1.701    -0.541     0.693  64
     4.000     4.000     8.000     2.000     8.000     0.086     1.239    -0.165  65
     1.000     4.000     0.000     0.000     2.000    -1.242    -0.072     0.545  66
         *         *     4.000     1.000     5.000    -0.099     0.214     0.000  67
     0.000     1.000     1.000     1.000     3.000    -1.518     0.543    -0.194  68
     0.000     0.000     1.000     0.000     1.000    -1.547    -0.068    -1.055  69
     9.000     4.000     9.000     4.000     9.000     2.048     1.029    -1.042  70
     4.000     2.000     7.000     4.000     9.000     0.244     1.815    -0.696  71
     6.000     4.000     5.000     1.000     0.000     0.650    -1.711    -0.346  72
     2.000     5.000     4.000     2.000     8.000    -0.716     1.564     0.468  73
     6.000     8.000     6.000     1.000     8.000     0.295     0.960     0.990  74
     5.000     6.000     6.000     1.000     1.000     0.136    -0.894     0.416  75
     1.000     1.000     0.000     0.000     0.000    -1.020    -1.372    -0.339  76
     1.000     4.000     3.000     0.000     0.000    -1.152    -0.858     0.461  77
     4.000     8.000     4.000     0.000     2.000    -0.443    -0.368     1.336  78
     8.000     9.000     5.000     1.000     3.000     0.734    -0.739     1.506  79
         *     0.000     4.000     3.000     7.000    -0.241     0.940    -1.475  80
     2.000     2.000     5.000     2.000     2.000    -0.481    -0.222    -0.345  81
     3.000     1.000     4.000     1.000     2.000    -0.052    -0.576    -0.841  82
     4.000     2.000     2.000     1.000     5.000     0.085     0.007    -0.531  83
         *     5.000     7.000     2.000     5.000     0.441    -0.003    -0.046  84
     9.000     9.000     9.000     2.000     8.000     1.702     0.304     1.162  85
     3.000     0.000     0.000     0.000     0.000    -0.067    -1.872    -1.238  86
     2.000     3.000     2.000     1.000     3.000    -0.656     0.030     0.029  87
     0.000     0.000     0.000     1.000     1.000    -1.608    -0.054    -1.025  88
     3.000     3.000     8.000     1.000     7.000    -0.149     0.966    -0.261  89
     5.000     4.000     6.000     2.000     3.000     0.342    -0.414    -0.241  90
     2.000     0.000     6.000     2.000     3.000    -0.148    -0.098    -1.488  91
     6.000     6.000     6.000     3.000     6.000     0.532     0.214     0.225  92
     9.000     7.000     9.000     6.000     9.000     2.092     1.243    -0.206  93
     4.000     2.000     4.000     1.000     3.000     0.128    -0.387    -0.576  94
     6.000     7.000     8.000     4.000     5.000     0.483     0.069     0.544  95
     3.000     6.000     1.000     0.000     6.000    -0.573     0.608     0.777  96
     0.000     0.000     2.000     1.000     2.000    -1.322     0.168    -1.197  97
     2.000     4.000     0.000     2.000     1.000    -0.772    -0.543     0.316  98
     5.000     8.000     2.000     0.000     2.000    -0.187    -0.628     1.267  99
     7.000     2.000     8.000     2.000     2.000     1.214    -1.203    -1.077 100
     1.000     1.000     2.000     1.000     0.000    -0.881    -0.955    -0.470 101
     4.000     5.000     3.000     4.000     5.000    -0.086     0.237     0.209 102
     2.000     2.000     3.000     0.000     1.000    -0.583    -0.592    -0.248 103
     5.000     1.000     9.000     1.000     3.000     0.619    -0.539    -1.165 104
     8.000     5.000     8.000     5.000     9.000     1.416     1.241    -0.509 105
     7.000     3.000     8.000     5.000     8.000     1.221     0.616    -0.888 106
     6.000     7.000     5.000     0.000     3.000     0.355    -0.524     0.672 107
     9.000     8.000     9.000     6.000     8.000     1.976     0.279     0.183 108
     7.000     9.000     6.000     5.000     9.000     0.536     1.605     1.414 109
     1.000     5.000     1.000     0.000     3.000    -1.269     0.319     0.778 110
     5.000     4.000     3.000     3.000     0.000     0.277    -1.524    -0.180 111
     3.000     2.000     2.000     1.000     0.000    -0.218    -1.387    -0.400 112
     9.000     5.000     9.000     5.000     9.000     2.049     1.108    -0.808 113
     2.000     5.000     1.000     1.000     1.000    -0.835    -0.475     0.582 114
     1.000     3.000     2.000     2.000     6.000    -1.034     1.041     0.176 115
     9.000     9.000     8.000     1.000     7.000     1.472    -0.051     1.292 116
     3.000         *     1.000     3.000     1.000    -0.353    -0.732     0.094 117
     9.000     9.000     2.000     0.000     0.000     0.985    -2.248     1.711 118
     6.000     6.000     7.000     5.000     9.000     0.595     1.644     0.162 119
     5.000     8.000     5.000     3.000     7.000    -0.033     0.847     1.115 120
     6.000     5.000     0.000     6.000     6.000     0.586     0.093    -0.080 122
     2.000     9.000     0.000     1.000     0.000    -1.334    -1.010     2.215 123
     6.000     2.000     4.000     3.000     2.000     0.808    -1.082    -0.870 124
     7.000     6.000     5.000     2.000     8.000     0.842     0.595     0.116 125
     5.000     7.000     2.000     4.000     3.000    -0.008    -0.309     0.830 126
     5.000     3.000     8.000     6.000     8.000     0.539     1.079    -0.605 127
     3.000     1.000     1.000     3.000     0.000    -0.111    -1.459    -0.782 128
     8.000     7.000     3.000     1.000     6.000     1.022    -0.269     0.402 129
     7.000     9.000     0.000     6.000     2.000     0.361    -0.886     1.646 130
     7.000     7.000     2.000     4.000     4.000     0.699    -0.481     0.526 131
     5.000     3.000     3.000     5.000     1.000     0.366    -1.066    -0.444 132
     5.000     6.000     7.000     6.000     8.000     0.262     1.187     0.295 134
     5.000     7.000     7.000     3.000     3.000     0.093    -0.196     0.733 135
     7.000     9.000     3.000     4.000     6.000     0.428     0.192     1.556 136
     8.000     6.000     7.000     5.000     6.000     1.271    -0.169    -0.111 137
     1.000     1.000     1.000     1.000     4.000    -0.906     0.417    -0.446 138
     2.000     5.000     4.000     3.000     5.000    -0.703     0.671     0.456 139
     7.000     2.000     4.000     4.000     7.000     1.169     0.056    -1.033 140
         *     0.000     2.000     6.000     3.000    -0.484     0.016    -1.378 141
         *     0.000     0.000     0.000     0.000    -1.757    -1.018    -0.906 142
         *     9.000     7.000     6.000     1.000     1.085    -1.305     1.336 143
         *     0.000     4.000     4.000     0.000    -0.332    -1.053    -1.439 144
         *     8.000     7.000     4.000     4.000     0.862    -0.409     0.720 146
         *     8.000     4.000     6.000     6.000     0.643     0.140     0.831 147
         *     0.000     1.000     4.000     0.000    -0.847    -0.984    -1.236 148
         *     7.000     0.000     0.000     0.000    -1.012    -1.382     1.340 149
         *     6.000     0.000     1.000     0.000    -0.822    -1.300     0.904 150
         *     6.000     7.000     0.000     6.000     0.336     0.295     0.320 152
     6.000     6.000     4.000     0.000     5.000     0.440    -0.170     0.317 221
     6.000     8.000     7.000     1.000     4.000     0.306    -0.135     0.979 222
